37.63455505,  160.16862421
44.29532319,  149.98852606
36.16375274,  158.81335382
42.82451707,  148.63327094
34.69294662,  157.45809869
41.35371094,  147.27801581
33.2221405,  156.10284357
39.88290864,  145.92274542
31.75133819,  154.74757318
38.41210251,  144.5674903
30.28053207,  153.39231805
36.94130021,  143.21221991
28.80972976,  152.03704767
35.47049409,  141.85696478
27.33892364,  150.68179254
33.99968764,  140.50171001
25.86811784,  149.32653706
32.52888566,  139.14643927
24.39731521,  147.97126703
31.05807953,  137.79118414
22.92650909,  146.6160119
29.58727532,  136.43591376
21.45570487,  145.26074152
28.11647111,  135.08065863
19.98490066,  143.90548639
26.64566498,  133.7254035
18.51409454,  142.55023126
25.17486077,  132.37013312
17.04329032,  141.19496088
23.70405655,  131.01487799
15.57248611,  139.83970575
22.23325234,  129.65960761
14.10168189,  138.48443536
20.76244622,  128.30435248
12.63087577,  137.12918024
19.291642,  126.94909735
11.16007156,  135.77392511
17.82083779,  125.59382697
9.68926734,  134.41865472
16.35003358,  124.23857184
8.21846313,  133.0633996
14.87922745,  122.88330145
6.74765701,  131.70812921
13.40842515,  121.52804633
5.2768547,  130.35287408
11.93761709,  120.17277804
3.80605052,  128.99760159
10.4668129,  118.81752081
2.33524246,  127.64234857
9.00629497,  117.47019309
0.85570454,  126.27745706
7.5587292,  116.12517005
-0.62702754,  124.89976282
6.11655616,  114.77436021
-2.10422706,  123.51613661
4.67978574,  113.41778769
-3.57590391,  122.12661539
3.24843982,  112.05548927
-5.04201893,  120.73122338
1.82258112,  110.68749312
-6.50251276,  119.32999345
0.38688465,  109.30310831
-7.94624325,  117.93785849
-0.48125379,  108.35891542
-9.78384096,  115.93927183
-1.23070546,  107.31800204
-11.37021999,  113.73596829
-1.85079695,  106.19521503
-12.6827762,  111.3593504
-2.33269466,  105.00653976
-13.70280872,  108.84326798
-2.6695284,  103.76891622
-14.41578921,  106.22357645
-2.85650112,  102.49998122
-14.81155728,  103.53760118
-2.890297,  101.19101818
-14.88545984,  100.85036365
-2.83352095,  99.19181927
-14.82868379,  98.85116474
-2.7767449,  97.19262801
-14.77190965,  96.85197343
-2.71997076,  95.19342907
-14.71513361,  94.85277454
-2.66319472,  93.19423779
-14.65835756,  92.85358326
-2.60641867,  91.19504653
-14.60158342,  90.85439195
-2.54964453,  89.19585522
-14.54480737,  88.85520069
-2.49286848,  87.19665631
-14.48803133,  86.85600177
-2.43609244,  85.19746505
-14.43125719,  84.85681046
-2.3793183,  83.19826611
-14.37448114,  82.85761158
-2.32547214,  81.17444767
-14.32192776,  80.88284908
-2.28091266,  79.1470131
-14.27859662,  78.91126022
-2.24579149,  77.11938523
-14.24444288,  76.93948318
-2.22010818,  75.0916257
-14.21946701,  74.9675784
-2.20386322,  73.06375802
-14.20366852,  72.99556815
-2.19705565,  71.03584303
-14.19704836,  71.02351366
-2.19968499,  69.00791424
-14.199607,  69.05144245
-2.21178464,  66.98002248
-14.2113721,  67.07941051
-2.23328973,  64.95220887
-14.23228644,  65.10745299
-2.26423458,  62.92451904
-14.26237674,  63.13561585
-2.30464638,  60.89699169
-14.30167686,  61.16393665
-2.3544655,  58.86967704
-14.35012435,  59.19246438
-2.41372292,  56.84261766
-14.40774925,  57.22124037
-2.48244869,  54.81585151
-14.47458256,  55.25030297
-2.56058167,  52.78943116
-14.55056335,  53.27969878
-2.64815344,  50.76339223
-14.63572107,  51.30946848
-2.74513044,  48.73778798
-14.73002825,  49.33965801
-2.85157671,  46.71265408
-14.83354292,  47.37030796
-2.96743009,  44.68803546
-14.94620516,  45.40145734
-3.09269155,  42.66398158
-15.06801401,  43.43315587
-3.22738919,  40.64053103
-15.19900241,  41.46544126
-3.37149387,  38.61773029
-15.33913845,  39.49835858
-3.52503655,  36.59562577
-15.48845221,  37.53195297
-3.68795574,  34.57425157
-15.64688313,  35.56625899
-3.86031229,  32.5536633
-15.81449239,  33.60132785
-4.04141515,  30.53927037
-15.99157817,  31.6317921
-4.22350257,  28.54757691
-16.17366464,  29.64009856
-4.40558951,  26.55588342
-16.35575158,  27.64840507
-4.58767646,  24.56418992
-16.53783853,  25.65671157
-4.7697634,  22.57249452
-16.71992547,  23.66501616
-4.95185034,  20.58080293
-16.90201242,  21.67332458
-5.15406235,  18.49594498
-17.08550063,  19.77687454
-5.40674616,  16.37283891
-17.30553412,  17.92810256
-5.70823718,  14.25611207
-17.56806897,  16.08488562
-6.05838216,  12.14688552
-17.87296854,  14.24820077
-6.45699103,  10.04627982
-18.22007196,  12.41902169
-6.90385206,  7.95540667
-18.6091942,  10.59831952
-7.39873118,  5.87537462
-19.04012686,  8.78705519
-7.94135656,  3.80728712
-19.51263819,  6.9861928
-8.53145185,  1.7522388
-20.02648577,  5.19668622
-9.16870022,  -0.28867947
-20.58139133,  3.41948162
-9.85276389,  -2.31438768
-21.17706705,  1.65552462
-10.58328011,  -4.32381018
-21.81318901,  -0.09425394
-11.35986238,  -6.31588245
-22.48942656,  -1.82892346
-12.18209622,  -8.28955251
-23.20541598,  -3.54756755
-13.04954884,  -10.24376974
-23.96078136,  -5.24927226
-13.96176294,  -12.17749756
-24.75512548,  -6.93313629
-14.91824226,  -14.08971207
-25.58801384,  -8.59826858
-15.91849527,  -15.97940117
-26.45902243,  -10.2437815
-16.96198644,  -17.84556258
-27.3676797,  -11.86880815
-18.04816799,  -19.68720962
-28.31351109,  -13.47248887
-19.17645217,  -21.5033597
-29.29600572,  -15.05396757
-20.34624425,  -23.29305938
-30.31464442,  -16.61241242
-21.55693261,  -25.05534758
-31.36889442,  -18.14699159
-22.80786448,  -26.78930253
-32.45818777,  -19.65689498
-24.09838697,  -28.4940006
-33.58195666,  -21.14132197
-25.42780665,  -30.16853715
-34.73959753,  -22.59948348
-26.76393464,  -31.77868445
-35.95813033,  -24.06721323
-28.04918199,  -33.31104902
-37.24337477,  -25.59958025
-29.33442525,  -34.84341734
-38.52861949,  -27.13194734
-30.61966997,  -36.37578062
-39.81386274,  -28.66431185
-31.90491777,  -37.90814451
-41.09911055,  -30.19667574
-33.19016176,  -39.44051222
-42.38435453,  -31.72904345
-34.47540575,  -40.97287611
-43.66959852,  -33.26140734
-35.78686424,  -42.53235839
-44.93252663,  -34.76339509
-37.15407658,  -44.1168454
-46.17844295,  -36.20730468
-38.54564718,  -45.67998187
-47.44655557,  -37.63176282
-39.96123069,  -47.22141226
-48.73655373,  -39.03643839
-41.40050484,  -48.74074878
-50.04813407,  -40.42098676
-42.86310408,  -50.23763088
-51.38097551,  -41.78506657
-44.34868896,  -51.71171067
-52.73476136,  -43.12836959
-45.85690715,  -53.16263228
-54.10917257,  -44.45056505
-47.38738974,  -54.5900421
-55.50387613,  -45.75133516
-48.93978001,  -55.99359378
-56.91854213,  -47.03037015
-50.51369498,  -57.37296703
-58.35282114,  -48.2873647
-52.10876654,  -58.72781999
-59.80637934,  -49.52201979
-53.72460417,  -60.05783006
-61.27885958,  -50.73403243
-55.31816474,  -61.33015453
-62.81135949,  -51.95721424
-56.54379979,  -62.37670075
-64.62711391,  -53.50765289
-57.6992326,  -63.50027655
-66.3388686,  -55.1722088
-58.77963324,  -64.6961774
-67.93946009,  -56.94391354
